{
	"calibDataSource": "j:\/calibration\/170404_calib_rawData\/full\/output_norm",
	"cameras": [
		{
			"name": "01_01",
			"type": "vga",
			"resolution": [640,480],
			"panel": 1,
			"node": 1,
			"K": [
				[746.68,0,374.169],
				[0,746.729,226.423],
				[0,0,1]
			],
			"distCoef": [-0.337106,0.127241,-0.00060237,0.00102687,-0.0386675],
			"R": [
				[0.9613066039,0.02855737632,-0.2739965139],
				[-0.05062851412,0.9959855232,-0.07382134644],
				[0.2707884173,0.08483698421,0.9588932783]
			],
			"t": [
				[-50.13518712],
				[143.034248],
				[283.5165502]
			]
		},
		{
			"name": "01_02",
			"type": "vga",
			"resolution": [640,480],
			"panel": 1,
			"node": 2,
			"K": [
				[747.043,0,368.341],
				[0,747.025,227.313],
				[0,0,1]
			],
			"distCoef": [-0.356946,0.236008,-0.0006459,0.000236688,-0.217812],
			"R": [
				[0.9720417202,-0.01694581575,-0.2341959299],
				[0.006010261939,0.9988612659,-0.0473291471],
				[0.234731274,0.04459832668,0.9710366719]
			],
			"t": [
				[-64.57292257],
				[141.2496823],
				[279.7397042]
			]
		},
		{
			"name": "01_03",
			"type": "vga",
			"resolution": [640,480],
			"panel": 1,
			"node": 3,
			"K": [
				[747.806,0,379.375],
				[0,747.796,239.657],
				[0,0,1]
			],
			"distCoef": [-0.340973,0.125773,-0.000816867,0.000946558,-0.0157376],
			"R": [
				[0.966480323,0.05593793322,-0.2505728095],
				[-0.07062821395,0.9962479734,-0.05001630646],
				[0.2468348448,0.06603728602,0.9668048594]
			],
			"t": [
				[-53.47713534],
				[118.4097412],
				[282.3698073]
			]
		},
		{
			"name": "01_04",
			"type": "vga",
			"resolution": [640,480],
			"panel": 1,
			"node": 4,
			"K": [
				[749.108,0,367.973],
				[0,748.997,235.243],
				[0,0,1]
			],
			"distCoef": [-0.341308,0.123937,-0.00113654,-0.00070281,-0.00247385],
			"R": [
				[0.9659114379,0.08566794233,-0.244286917],
				[-0.111429267,0.9893507813,-0.09364053601],
				[0.2336634602,0.1176691769,0.9651711518]
			],
			"t": [
				[-28.36672435],
				[96.10331719],
				[288.4292035]
			]
		},
		{
			"name": "01_05",
			"type": "vga",
			"resolution": [640,480],
			"panel": 1,
			"node": 5,
			"K": [
				[744.102,0,353.721],
				[0,743.993,210.108],
				[0,0,1]
			],
			"distCoef": [-0.323957,0.0451244,-0.000651637,-0.000525934,0.0799717],
			"R": [
				[0.9717609384,0.05080690221,-0.2304329343],
				[-0.0725785155,0.9935603494,-0.08700684599],
				[0.2245284784,0.1012743346,0.969190627]
			],
			"t": [
				[-25.80793528],
				[77.75797221],
				[286.3507652]
			]
		},
		{
			"name": "01_06",
			"type": "vga",
			"resolution": [640,480],
			"panel": 1,
			"node": 6,
			"K": [
				[744.303,0,372.017],
				[0,744.409,242.181],
				[0,0,1]
			],
			"distCoef": [-0.324845,0.0467783,0.00117874,-0.000193365,0.0990184],
			"R": [
				[0.9680213252,0.07465903199,-0.239501029],
				[-0.09397765194,0.9930914806,-0.07026743317],
				[0.2326003329,0.09052811812,0.9683500116]
			],
			"t": [
				[-5.982973236],
				[73.27438611],
				[285.2872117]
			]
		},
		{
			"name": "01_07",
			"type": "vga",
			"resolution": [640,480],
			"panel": 1,
			"node": 7,
			"K": [
				[749.16,0,380.737],
				[0,749.036,229.884],
				[0,0,1]
			],
			"distCoef": [-0.35591,0.220771,-0.000489539,0.00125113,-0.152478],
			"R": [
				[0.9667044653,-0.02964626427,-0.2541723348],
				[0.01729693415,0.9985648995,-0.05068488448],
				[0.2553101895,0.04460090202,0.9658299367]
			],
			"t": [
				[-3.704442649],
				[99.08014181],
				[280.9410729]
			]
		},
		{
			"name": "01_08",
			"type": "vga",
			"resolution": [640,480],
			"panel": 1,
			"node": 8,
			"K": [
				[746.808,0,362.103],
				[0,746.885,218.989],
				[0,0,1]
			],
			"distCoef": [-0.341883,0.156732,-0.00060223,-0.00121148,-0.0991035],
			"R": [
				[0.9647797294,0.0645292528,-0.2550216642],
				[-0.07837996142,0.9959291167,-0.04451714431],
				[0.2511108427,0.06293782665,0.9659100241]
			],
			"t": [
				[26.86328938],
				[86.47402228],
				[283.4946221]
			]
		},
		{
			"name": "01_09",
			"type": "vga",
			"resolution": [640,480],
			"panel": 1,
			"node": 9,
			"K": [
				[747.01,0,339.135],
				[0,746.944,237.294],
				[0,0,1]
			],
			"distCoef": [-0.324511,0.0674813,0.000816522,-0.000298715,0.0604939],
			"R": [
				[0.9644652448,0.07251760565,-0.2540629615],
				[-0.09023796718,0.9941836928,-0.05878685362],
				[0.2483221714,0.07962400235,0.96539946]
			],
			"t": [
				[45.12916929],
				[94.78085397],
				[284.7603816]
			]
		},
		{
			"name": "01_10",
			"type": "vga",
			"resolution": [640,480],
			"panel": 1,
			"node": 10,
			"K": [
				[748.933,0,378.218],
				[0,749.135,228.66],
				[0,0,1]
			],
			"distCoef": [-0.360452,0.261361,-0.00106659,0.000689048,-0.242623],
			"R": [
				[0.9658930483,-0.001559224406,-0.2589366488],
				[-0.009665918855,0.9990678187,-0.04207212385],
				[0.2587608727,0.04314003258,0.9649775895]
			],
			"t": [
				[30.75916484],
				[129.6247705],
				[280.667932]
			]
		},
		{
			"name": "01_11",
			"type": "vga",
			"resolution": [640,480],
			"panel": 1,
			"node": 11,
			"K": [
				[747.883,0,364.018],
				[0,747.38,222.596],
				[0,0,1]
			],
			"distCoef": [-0.354111,0.205442,0.000541179,0.00132611,-0.141044],
			"R": [
				[0.986546801,-0.01319289102,-0.1629458715],
				[0.004828569271,0.9986550397,-0.0516216671],
				[0.1634077548,0.05014039512,0.9852836376]
			],
			"t": [
				[71.38293273],
				[143.1752213],
				[275.8073792]
			]
		},
		{
			"name": "01_12",
			"type": "vga",
			"resolution": [640,480],
			"panel": 1,
			"node": 12,
			"K": [
				[746.558,0,359.757],
				[0,746.507,227.038],
				[0,0,1]
			],
			"distCoef": [-0.347285,0.188841,-0.000703504,-0.00202123,-0.152978],
			"R": [
				[0.9580246635,0.08510011823,-0.2737639749],
				[-0.09750365688,0.9947206272,-0.03199860428],
				[0.2695955878,0.05734844077,0.9612644669]
			],
			"t": [
				[54.68057901],
				[157.1410047],
				[282.732666]
			]
		},
		{
			"name": "01_13",
			"type": "vga",
			"resolution": [640,480],
			"panel": 1,
			"node": 13,
			"K": [
				[745.415,0,340.398],
				[0,745.387,216.257],
				[0,0,1]
			],
			"distCoef": [-0.339013,0.15325,-0.000208985,-0.00117304,-0.12446],
			"R": [
				[0.9720371578,-0.06273349104,-0.2262924499],
				[0.03847461789,0.9931794508,-0.1100649004],
				[0.2316537666,0.0982806574,0.9678209777]
			],
			"t": [
				[20.57875523],
				[153.9724791],
				[287.5405565]
			]
		},
		{
			"name": "01_14",
			"type": "vga",
			"resolution": [640,480],
			"panel": 1,
			"node": 14,
			"K": [
				[747.926,0,364.632],
				[0,748.11,236.175],
				[0,0,1]
			],
			"distCoef": [-0.361594,0.257497,-0.000728186,3.75353e-06,-0.233226],
			"R": [
				[0.9635558231,0.006675375188,-0.2674240363],
				[-0.02508104879,0.9975393341,-0.06546921337],
				[0.2663289635,0.06979051707,0.9613522595]
			],
			"t": [
				[19.52167336],
				[181.2188724],
				[283.9602435]
			]
		},
		{
			"name": "01_15",
			"type": "vga",
			"resolution": [640,480],
			"panel": 1,
			"node": 15,
			"K": [
				[747.118,0,366.657],
				[0,747.169,217.496],
				[0,0,1]
			],
			"distCoef": [-0.344272,0.151265,-0.00171878,-0.000803172,-0.0735002],
			"R": [
				[0.9598522568,0.03525393276,-0.2782818812],
				[-0.0623784501,0.9940562491,-0.0892250111],
				[0.2734823105,0.1030016207,0.9563462197]
			],
			"t": [
				[1.557584586],
				[173.2754121],
				[289.3020775]
			]
		},
		{
			"name": "01_16",
			"type": "vga",
			"resolution": [640,480],
			"panel": 1,
			"node": 16,
			"K": [
				[749.626,0,372.669],
				[0,749.451,229.414],
				[0,0,1]
			],
			"distCoef": [-0.378128,0.3432,0.0011064,0.000208397,-0.359983],
			"R": [
				[0.9677339617,0.05623973729,-0.245617734],
				[-0.0716267477,0.9959598896,-0.05416186184],
				[0.2415793623,0.0700070726,0.9678524792]
			],
			"t": [
				[-3.146845866],
				[172.5279477],
				[283.1294227]
			]
		},
		{
			"name": "01_17",
			"type": "vga",
			"resolution": [640,480],
			"panel": 1,
			"node": 17,
			"K": [
				[749.755,0,371.654],
				[0,750.089,235.138],
				[0,0,1]
			],
			"distCoef": [-0.365427,0.267907,-0.00103246,0.00228984,-0.2148],
			"R": [
				[0.9647072325,0.02474099284,-0.262159949],
				[-0.04538182127,0.9963008458,-0.07297338583],
				[0.2593847449,0.08229524904,0.9622614229]
			],
			"t": [
				[-34.10289717],
				[172.5041799],
				[284.5690306]
			]
		},
		{
			"name": "01_18",
			"type": "vga",
			"resolution": [640,480],
			"panel": 1,
			"node": 18,
			"K": [
				[744.83,0,363.705],
				[0,745.009,237.317],
				[0,0,1]
			],
			"distCoef": [-0.322868,0.0479465,-0.000970726,-0.00099813,0.0877174],
			"R": [
				[0.9520590735,0.06035015132,-0.2999022838],
				[-0.07289775019,0.9968631923,-0.03081710446],
				[0.2971017311,0.05120190569,0.9534720375]
			],
			"t": [
				[-56.91467289],
				[175.0645481],
				[276.2085638]
			]
		},
		{
			"name": "01_19",
			"type": "vga",
			"resolution": [640,480],
			"panel": 1,
			"node": 19,
			"K": [
				[743.851,0,364.547],
				[0,743.912,220.922],
				[0,0,1]
			],
			"distCoef": [-0.320837,0.0399688,-0.000881065,-0.000358172,0.0975479],
			"R": [
				[0.9677283125,0.052768065,-0.2464090998],
				[-0.06599596639,0.9967714047,-0.04573072552],
				[0.2432004226,0.0605169245,0.9680863889]
			],
			"t": [
				[-18.69898079],
				[144.0142213],
				[281.6972524]
			]
		},
		{
			"name": "01_20",
			"type": "vga",
			"resolution": [640,480],
			"panel": 1,
			"node": 20,
			"K": [
				[745.434,0,344.251],
				[0,745.503,245.716],
				[0,0,1]
			],
			"distCoef": [-0.335421,0.112989,0.00103688,-0.00102442,-0.0211408],
			"R": [
				[0.9712644307,0.03472304341,-0.2354563991],
				[-0.04401082983,0.9984419106,-0.03430449037],
				[0.2338983807,0.04368136283,0.9712793038]
			],
			"t": [
				[-14.45445537],
				[127.377054],
				[280.1266431]
			]
		},
		{
			"name": "01_21",
			"type": "vga",
			"resolution": [640,480],
			"panel": 1,
			"node": 21,
			"K": [
				[742.86,0,365.474],
				[0,742.775,222.08],
				[0,0,1]
			],
			"distCoef": [-0.313426,-0.00467345,-0.00100797,2.62699e-05,0.179826],
			"R": [
				[0.9645470196,0.04004093704,-0.2608558421],
				[-0.04923309784,0.9983720904,-0.02879706936],
				[0.2592781308,0.04061886862,0.9649481636]
			],
			"t": [
				[-1.157683517],
				[121.6804148],
				[279.8213013]
			]
		},
		{
			"name": "01_22",
			"type": "vga",
			"resolution": [640,480],
			"panel": 1,
			"node": 22,
			"K": [
				[745.233,0,363.48],
				[0,745.306,227.367],
				[0,0,1]
			],
			"distCoef": [-0.346131,0.1853,-0.00102487,-0.000431405,-0.137235],
			"R": [
				[0.9619874268,-0.007767467666,-0.2729832545],
				[-0.004005779479,0.9990865509,-0.04254430183],
				[0.2730643596,0.04202059416,0.9610775854]
			],
			"t": [
				[4.991601231],
				[134.6436141],
				[280.1042769]
			]
		},
		{
			"name": "01_23",
			"type": "vga",
			"resolution": [640,480],
			"panel": 1,
			"node": 23,
			"K": [
				[746.03,0,358.273],
				[0,745.965,224.261],
				[0,0,1]
			],
			"distCoef": [-0.332547,0.0989698,-0.000610012,0.000665161,0.0215316],
			"R": [
				[0.9553120083,0.01249265664,-0.2953352338],
				[-0.03785871289,0.9960492903,-0.08032763637],
				[0.2931649444,0.08791896745,0.9520108038]
			],
			"t": [
				[-1.797861608],
				[142.5991883],
				[286.1571348]
			]
		},
		{
			"name": "01_24",
			"type": "vga",
			"resolution": [640,480],
			"panel": 1,
			"node": 24,
			"K": [
				[745.416,0,369.405],
				[0,745.253,244.531],
				[0,0,1]
			],
			"distCoef": [-0.33057,0.0855874,-4.26708e-05,-0.000320375,0.0281472],
			"R": [
				[0.9621372519,0.05391591646,-0.2671796819],
				[-0.07527729279,0.9946773976,-0.07035768591],
				[0.2619641916,0.08780631371,0.9610748221]
			],
			"t": [
				[-6.71000675],
				[147.3226482],
				[285.6203251]
			]
		},
		{
			"name": "02_01",
			"type": "vga",
			"resolution": [640,480],
			"panel": 2,
			"node": 1,
			"K": [
				[747.982,0,375.312],
				[0,748.139,234.097],
				[0,0,1]
			],
			"distCoef": [-0.331079,0.0866643,3.48402e-05,-0.000311291,0.0199352],
			"R": [
				[0.9771975536,0.0472912278,0.2069987463],
				[0.001592047964,0.9732225157,-0.2298595229],
				[-0.2123261797,0.2249477154,0.9509553716]
			],
			"t": [
				[0.001218865728],
				[174.9600415],
				[305.1415324]
			]
		},
		{
			"name": "02_02",
			"type": "vga",
			"resolution": [640,480],
			"panel": 2,
			"node": 2,
			"K": [
				[748.937,0,367.14],
				[0,749.005,211.41],
				[0,0,1]
			],
			"distCoef": [-0.352525,0.201189,0.00075698,-0.00049072,-0.155651],
			"R": [
				[0.9813208746,-0.05691610808,0.1837658772],
				[0.0926850237,0.9769364155,-0.1923661261],
				[-0.1685788461,0.2058052398,0.9639633685]
			],
			"t": [
				[-49.23433514],
				[190.4889326],
				[299.9836075]
			]
		},
		{
			"name": "02_03",
			"type": "vga",
			"resolution": [640,480],
			"panel": 2,
			"node": 3,
			"K": [
				[746.567,0,352.904],
				[0,746.672,252.11],
				[0,0,1]
			],
			"distCoef": [-0.328968,0.0502079,-0.000913768,-0.00137167,0.10864],
			"R": [
				[0.9752932544,0.1279450488,0.180092011],
				[-0.07655258826,0.9604385507,-0.2677638729],
				[-0.2072263718,0.2473617894,0.9465037644]
			],
			"t": [
				[-21.13477656],
				[169.237181],
				[309.2885823]
			]
		},
		{
			"name": "02_04",
			"type": "vga",
			"resolution": [640,480],
			"panel": 2,
			"node": 4,
			"K": [
				[747.008,0,381.203],
				[0,747.097,224.834],
				[0,0,1]
			],
			"distCoef": [-0.337203,0.120643,-0.000807716,0.00058326,-0.0223739],
			"R": [
				[0.979081435,0.07503606165,0.1891272934],
				[-0.02679426316,0.9689685055,-0.2457277004],
				[-0.2016968297,0.235519903,0.9507096108]
			],
			"t": [
				[-30.82557113],
				[150.7230823],
				[306.9936287]
			]
		},
		{
			"name": "02_05",
			"type": "vga",
			"resolution": [640,480],
			"panel": 2,
			"node": 5,
			"K": [
				[744.844,0,378.788],
				[0,744.71,244.455],
				[0,0,1]
			],
			"distCoef": [-0.330464,0.0731755,-5.52547e-05,-0.00103223,0.0508593],
			"R": [
				[0.9855065807,0.05730026262,0.1596667133],
				[-0.01565904781,0.9679343546,-0.2507147371],
				[-0.1689129174,0.2445807946,0.9548029437]
			],
			"t": [
				[-60.5036641],
				[135.5568761],
				[306.2616529]
			]
		},
		{
			"name": "02_06",
			"type": "vga",
			"resolution": [640,480],
			"panel": 2,
			"node": 6,
			"K": [
				[744.676,0,352.536],
				[0,744.801,229.172],
				[0,0,1]
			],
			"distCoef": [-0.312816,-0.0194209,-0.000489253,-9.90994e-05,0.208925],
			"R": [
				[0.9809368012,0.06282197643,0.1838923361],
				[-0.01047265612,0.9620183154,-0.2727839518],
				[-0.1940446224,0.2656579759,0.944337082]
			],
			"t": [
				[-51.71313968],
				[106.9135496],
				[310.2482749]
			]
		},
		{
			"name": "02_07",
			"type": "vga",
			"resolution": [640,480],
			"panel": 2,
			"node": 7,
			"K": [
				[747.587,0,376.293],
				[0,747.5,217.338],
				[0,0,1]
			],
			"distCoef": [-0.335452,0.1065,-0.000598231,0.000258808,0.0139431],
			"R": [
				[0.9773339962,0.09751258057,0.1879083724],
				[-0.05147883974,0.9704268079,-0.235842616],
				[-0.2053489441,0.2208237014,0.9534509447]
			],
			"t": [
				[-25.55917641],
				[111.3804409],
				[305.8311908]
			]
		},
		{
			"name": "02_08",
			"type": "vga",
			"resolution": [640,480],
			"panel": 2,
			"node": 8,
			"K": [
				[748.29,0,347.725],
				[0,748.379,230.926],
				[0,0,1]
			],
			"distCoef": [-0.348813,0.179096,0.00105185,-0.0018631,-0.108743],
			"R": [
				[0.9736548797,0.04485476875,0.2235715207],
				[0.0053035584,0.9757421957,-0.2188584928],
				[-0.2279650136,0.2142783641,0.9497982603]
			],
			"t": [
				[-21.47286404],
				[90.11450796],
				[306.5714673]
			]
		},
		{
			"name": "02_09",
			"type": "vga",
			"resolution": [640,480],
			"panel": 2,
			"node": 9,
			"K": [
				[747.239,0,344.436],
				[0,747.385,222.124],
				[0,0,1]
			],
			"distCoef": [-0.329802,0.0876044,0.000354011,0.000399064,0.0175044],
			"R": [
				[0.9706953361,0.02569733536,0.23893558],
				[0.01680996759,0.9845700543,-0.17418161],
				[-0.2397248203,0.1730937758,0.9552855884]
			],
			"t": [
				[-0.09651658576],
				[93.94234811],
				[302.302363]
			]
		},
		{
			"name": "02_10",
			"type": "vga",
			"resolution": [640,480],
			"panel": 2,
			"node": 10,
			"K": [
				[744.746,0,345.462],
				[0,744.769,231.812],
				[0,0,1]
			],
			"distCoef": [-0.319149,0.0238126,0.000343093,-0.000161902,0.117578],
			"R": [
				[0.9839584625,0.04779054617,0.1718773044],
				[-0.009067391261,0.9756023398,-0.2193578287],
				[-0.1781671308,0.2142805131,0.9603855138]
			],
			"t": [
				[1.584018943],
				[94.8941006],
				[305.3445754]
			]
		},
		{
			"name": "02_11",
			"type": "vga",
			"resolution": [640,480],
			"panel": 2,
			"node": 11,
			"K": [
				[749.417,0,373.373],
				[0,749.661,219.92],
				[0,0,1]
			],
			"distCoef": [-0.338218,0.119348,0.000814124,0.000573301,-0.0197452],
			"R": [
				[0.9767416901,-0.0399763956,0.2106598175],
				[0.08373524003,0.9755680505,-0.2031142249],
				[-0.1973932128,0.2160297817,0.9562254195]
			],
			"t": [
				[18.91956855],
				[87.49249797],
				[305.598839]
			]
		},
		{
			"name": "02_12",
			"type": "vga",
			"resolution": [640,480],
			"panel": 2,
			"node": 12,
			"K": [
				[747.207,0,386.191],
				[0,747.133,224.312],
				[0,0,1]
			],
			"distCoef": [-0.340419,0.117573,-0.000501114,-0.000128725,-0.00187855],
			"R": [
				[0.9774852109,-0.05318710613,0.204190583],
				[0.09448135034,0.9756032019,-0.1981708021],
				[-0.1886688551,0.2130012303,0.9586628912]
			],
			"t": [
				[32.36028918],
				[101.3365043],
				[305.523738]
			]
		},
		{
			"name": "02_13",
			"type": "vga",
			"resolution": [640,480],
			"panel": 2,
			"node": 13,
			"K": [
				[747.754,0,385.769],
				[0,747.636,241.68],
				[0,0,1]
			],
			"distCoef": [-0.33726,0.102654,0.000652658,8.87874e-05,0.0151013],
			"R": [
				[0.980771113,0.07274462259,0.1810973322],
				[-0.03389182861,0.97732175,-0.2090300002],
				[-0.19219617,0.1988728662,0.9609943888]
			],
			"t": [
				[40.80079039],
				[121.1057124],
				[302.8402831]
			]
		},
		{
			"name": "02_14",
			"type": "vga",
			"resolution": [640,480],
			"panel": 2,
			"node": 14,
			"K": [
				[746.245,0,358.379],
				[0,746.019,221.101],
				[0,0,1]
			],
			"distCoef": [-0.335672,0.109534,0.000654012,0.000546999,0.00954774],
			"R": [
				[0.9647482899,-0.01376744573,0.2628139923],
				[0.06603312933,0.9793480668,-0.191094191],
				[-0.2547554964,0.2017122243,0.9457334802]
			],
			"t": [
				[65.21007572],
				[136.1404705],
				[299.2920719]
			]
		},
		{
			"name": "02_15",
			"type": "vga",
			"resolution": [640,480],
			"panel": 2,
			"node": 15,
			"K": [
				[748.407,0,373.814],
				[0,748.19,232.868],
				[0,0,1]
			],
			"distCoef": [-0.359839,0.229259,0.00077362,0.00152618,-0.16659],
			"R": [
				[0.9742581687,-0.03001241394,0.2234284576],
				[0.07990769968,0.9727225245,-0.2177743096],
				[-0.2107979606,0.2300220542,0.9500810883]
			],
			"t": [
				[42.61809773],
				[146.3701918],
				[305.7597664]
			]
		},
		{
			"name": "02_16",
			"type": "vga",
			"resolution": [640,480],
			"panel": 2,
			"node": 16,
			"K": [
				[749.793,0,368.709],
				[0,749.603,213.34],
				[0,0,1]
			],
			"distCoef": [-0.359029,0.236978,-0.00137602,0.000241043,-0.224656],
			"R": [
				[0.9835294372,0.0121515213,0.1803390879],
				[0.03105115932,0.9715451276,-0.234810329],
				[-0.1780608649,0.2365426085,0.9551659137]
			],
			"t": [
				[22.55807863],
				[153.3103557],
				[307.8132788]
			]
		},
		{
			"name": "02_17",
			"type": "vga",
			"resolution": [640,480],
			"panel": 2,
			"node": 17,
			"K": [
				[743.934,0,372.586],
				[0,744.284,259.18],
				[0,0,1]
			],
			"distCoef": [-0.304766,-0.0710935,-0.000117028,-0.000598412,0.273885],
			"R": [
				[0.9713812731,0.05344114259,0.2314356637],
				[-0.003649491225,0.9776037813,-0.210422261],
				[-0.2374975861,0.2035556214,0.9498210387]
			],
			"t": [
				[39.84530611],
				[181.886494],
				[300.1769079]
			]
		},
		{
			"name": "02_18",
			"type": "vga",
			"resolution": [640,480],
			"panel": 2,
			"node": 18,
			"K": [
				[746.886,0,380.054],
				[0,747.282,215.146],
				[0,0,1]
			],
			"distCoef": [-0.312964,-0.00656589,-0.00120598,-0.00108957,0.149524],
			"R": [
				[0.975599119,0.01126451499,0.2192703121],
				[0.0220596252,0.9886006019,-0.148936976],
				[-0.2184484653,0.1501398035,0.9642293853]
			],
			"t": [
				[10.02708355],
				[212.0816819],
				[289.3701093]
			]
		},
		{
			"name": "02_19",
			"type": "vga",
			"resolution": [640,480],
			"panel": 2,
			"node": 19,
			"K": [
				[745.952,0,379.553],
				[0,745.861,232.963],
				[0,0,1]
			],
			"distCoef": [-0.327714,0.0825479,-5.9177e-05,0.000133359,0.0268703],
			"R": [
				[0.9807535138,0.05633507016,0.1869462623],
				[-0.01450045194,0.9758428107,-0.2179920771],
				[-0.194710765,0.2110856903,0.9578781495]
			],
			"t": [
				[-0.3645953788],
				[159.1328884],
				[303.1605521]
			]
		},
		{
			"name": "02_20",
			"type": "vga",
			"resolution": [640,480],
			"panel": 2,
			"node": 20,
			"K": [
				[747.198,0,392.644],
				[0,747.157,227.336],
				[0,0,1]
			],
			"distCoef": [-0.333399,0.113273,-9.23484e-05,0.00123972,-0.00825133],
			"R": [
				[0.9825428514,0.03049091609,0.1835207049],
				[0.01530027923,0.9698912493,-0.2430573308],
				[-0.1854061664,0.2416221609,0.9524931941]
			],
			"t": [
				[-23.88829236],
				[136.8854093],
				[307.647341]
			]
		},
		{
			"name": "02_21",
			"type": "vga",
			"resolution": [640,480],
			"panel": 2,
			"node": 21,
			"K": [
				[748.247,0,358.949],
				[0,748.052,237.658],
				[0,0,1]
			],
			"distCoef": [-0.343754,0.159507,0.000586186,0.000334615,-0.077551],
			"R": [
				[0.9781873449,0.08992990154,0.1872488482],
				[-0.04139652192,0.9677414246,-0.2485213534],
				[-0.2035579679,0.2353489918,0.9503551998]
			],
			"t": [
				[-8.776835779],
				[118.3721608],
				[307.1509075]
			]
		},
		{
			"name": "02_22",
			"type": "vga",
			"resolution": [640,480],
			"panel": 2,
			"node": 22,
			"K": [
				[746.663,0,375.03],
				[0,746.682,247.44],
				[0,0,1]
			],
			"distCoef": [-0.329568,0.103726,0.000768677,-0.00104258,-0.010485],
			"R": [
				[0.9841891013,0.07788262032,0.1590789436],
				[-0.03785789736,0.9698808791,-0.2406197415],
				[-0.1730277216,0.2307929328,0.957494663]
			],
			"t": [
				[-0.4793660689],
				[110.4827071],
				[306.5443483]
			]
		},
		{
			"name": "02_23",
			"type": "vga",
			"resolution": [640,480],
			"panel": 2,
			"node": 23,
			"K": [
				[745.457,0,375.478],
				[0,745.408,236.235],
				[0,0,1]
			],
			"distCoef": [-0.33588,0.100392,0.000421987,0.000275091,0.0134419],
			"R": [
				[0.980231741,0.006401771464,0.1977492132],
				[0.04156851613,0.9705047768,-0.237471128],
				[-0.1934367919,0.2409968786,0.9510534749]
			],
			"t": [
				[14.71791516],
				[119.2337299],
				[307.8997343]
			]
		},
		{
			"name": "02_24",
			"type": "vga",
			"resolution": [640,480],
			"panel": 2,
			"node": 24,
			"K": [
				[749.382,0,365.608],
				[0,749.524,236.145],
				[0,0,1]
			],
			"distCoef": [-0.355271,0.228999,-4.75345e-05,-0.000849148,-0.214088],
			"R": [
				[0.9860970938,-0.01956404392,0.1650144532],
				[0.05757521045,0.9717580353,-0.2288480196],
				[-0.1558769282,0.2351671089,0.9593741784]
			],
			"t": [
				[-4.735362892],
				[141.0803435],
				[307.2725608]
			]
		},
		{
			"name": "03_01",
			"type": "vga",
			"resolution": [640,480],
			"panel": 3,
			"node": 1,
			"K": [
				[746.572,0,364.838],
				[0,746.753,223.182],
				[0,0,1]
			],
			"distCoef": [-0.342435,0.15845,-0.000646787,0.000776322,-0.0865227],
			"R": [
				[0.7886062761,0.1465010788,-0.5971914058],
				[-0.3270093099,0.922397071,-0.2055445323],
				[0.5207351078,0.3573808577,0.7753153359]
			],
			"t": [
				[-14.87819154],
				[106.8365761],
				[321.7098055]
			]
		},
		{
			"name": "03_02",
			"type": "vga",
			"resolution": [640,480],
			"panel": 3,
			"node": 2,
			"K": [
				[747.122,0,367.044],
				[0,747.263,218.914],
				[0,0,1]
			],
			"distCoef": [-0.324883,0.0526502,-0.000281096,0.00123657,0.0816511],
			"R": [
				[0.7849158905,0.1238058825,-0.6071071968],
				[-0.3456259514,0.9007125213,-0.2631722927],
				[0.514246776,0.416400117,0.7497740966]
			],
			"t": [
				[-24.5391508],
				[65.08788853],
				[326.6296274]
			]
		},
		{
			"name": "03_03",
			"type": "vga",
			"resolution": [640,480],
			"panel": 3,
			"node": 3,
			"K": [
				[748.989,0,350.563],
				[0,749.051,213.614],
				[0,0,1]
			],
			"distCoef": [-0.34074,0.148908,2.94619e-05,2.54113e-05,-0.093438],
			"R": [
				[0.8065560613,0.0617813244,-0.5879203926],
				[-0.2662763154,0.9258896407,-0.2680024199],
				[0.5277918566,0.3727082521,0.7632328052]
			],
			"t": [
				[-8.427089378],
				[72.88305111],
				[323.5479066]
			]
		},
		{
			"name": "03_04",
			"type": "vga",
			"resolution": [640,480],
			"panel": 3,
			"node": 4,
			"K": [
				[745.752,0,376.193],
				[0,745.652,212.903],
				[0,0,1]
			],
			"distCoef": [-0.345069,0.143805,-0.000216988,0.00168597,-0.018434],
			"R": [
				[0.8402251085,-0.03567970516,-0.5410625894],
				[-0.1934728077,0.9124277098,-0.3606160661],
				[0.5065471742,0.4076795716,0.7597416187]
			],
			"t": [
				[4.233588346],
				[74.64142038],
				[326.5656712]
			]
		},
		{
			"name": "03_05",
			"type": "vga",
			"resolution": [640,480],
			"panel": 3,
			"node": 5,
			"K": [
				[748.298,0,376.62],
				[0,748.474,251.358],
				[0,0,1]
			],
			"distCoef": [-0.354181,0.188957,0.00126721,-0.000178909,-0.0971168],
			"R": [
				[0.8602474959,-0.0547449197,-0.5069292255],
				[-0.1769607428,0.9003630368,-0.3975315051],
				[0.4781831672,0.4316820541,0.7648473461]
			],
			"t": [
				[32.34264543],
				[61.96802068],
				[327.5695131]
			]
		},
		{
			"name": "03_06",
			"type": "vga",
			"resolution": [640,480],
			"panel": 3,
			"node": 6,
			"K": [
				[745.971,0,378.138],
				[0,745.796,240.39],
				[0,0,1]
			],
			"distCoef": [-0.325004,0.0541142,-0.000915116,-6.41309e-05,0.0754604],
			"R": [
				[0.8763583774,-0.06527848728,-0.4772155838],
				[-0.1141711211,0.9343838814,-0.3374784693],
				[0.4679326334,0.350236322,0.8114022241]
			],
			"t": [
				[53.33442958],
				[108.3707717],
				[318.1157451]
			]
		},
		{
			"name": "03_07",
			"type": "vga",
			"resolution": [640,480],
			"panel": 3,
			"node": 7,
			"K": [
				[746.213,0,393.426],
				[0,746.508,229.723],
				[0,0,1]
			],
			"distCoef": [-0.332135,0.090893,0.000853832,0.000775537,0.0308949],
			"R": [
				[0.8512362065,-0.03721161261,-0.5234617624],
				[-0.1511911665,0.9377992996,-0.3125279266],
				[0.5025317422,0.3451778811,0.7926626511]
			],
			"t": [
				[40.48600497],
				[128.1515281],
				[319.0648714]
			]
		},
		{
			"name": "03_08",
			"type": "vga",
			"resolution": [640,480],
			"panel": 3,
			"node": 8,
			"K": [
				[746.024,0,375.372],
				[0,745.878,233.279],
				[0,0,1]
			],
			"distCoef": [-0.330917,0.085732,-8.76112e-05,-0.00117812,0.015089],
			"R": [
				[0.8626079152,-0.08727837392,-0.4982871361],
				[-0.1241631803,0.9183455527,-0.3757990826],
				[0.4903989083,0.3860361788,0.7813353822]
			],
			"t": [
				[48.89274352],
				[133.8311137],
				[323.7703561]
			]
		},
		{
			"name": "03_09",
			"type": "vga",
			"resolution": [640,480],
			"panel": 3,
			"node": 9,
			"K": [
				[746.867,0,387.91],
				[0,746.77,218.173],
				[0,0,1]
			],
			"distCoef": [-0.333208,0.107989,0.000570422,0.00117973,0.00113412],
			"R": [
				[0.86170676,-0.1630338962,-0.4805012055],
				[-0.06772273815,0.9015483175,-0.4273456002],
				[0.5028668716,0.4007874499,0.7658291778]
			],
			"t": [
				[24.20916598],
				[150.4010231],
				[327.3259314]
			]
		},
		{
			"name": "03_10",
			"type": "vga",
			"resolution": [640,480],
			"panel": 3,
			"node": 10,
			"K": [
				[745.912,0,374.161],
				[0,745.93,230.751],
				[0,0,1]
			],
			"distCoef": [-0.328759,0.0690989,0.000440672,0.00026114,0.0609177],
			"R": [
				[0.8429652373,-0.1062256864,-0.527376253],
				[-0.1589456564,0.8873684824,-0.4327972444],
				[0.5139512496,0.4486571966,0.7311366719]
			],
			"t": [
				[5.996237215],
				[133.325613],
				[335.9402427]
			]
		},
		{
			"name": "03_11",
			"type": "vga",
			"resolution": [640,480],
			"panel": 3,
			"node": 11,
			"K": [
				[747.461,0,370.173],
				[0,747.562,237.156],
				[0,0,1]
			],
			"distCoef": [-0.340381,0.138081,0.000954608,-0.00171872,-0.0507745],
			"R": [
				[0.8475949476,-0.06398694244,-0.5267717495],
				[-0.1665880605,0.9104301539,-0.3786361749],
				[0.5038166561,0.4086839929,0.7610165379]
			],
			"t": [
				[11.11069586],
				[168.436106],
				[329.6180715]
			]
		},
		{
			"name": "03_12",
			"type": "vga",
			"resolution": [640,480],
			"panel": 3,
			"node": 12,
			"K": [
				[746.396,0,372.216],
				[0,746.304,240.659],
				[0,0,1]
			],
			"distCoef": [-0.329696,0.102782,0.00171764,0.00017792,0.00216284],
			"R": [
				[0.7900092699,0.01493834054,-0.6129128808],
				[-0.2768496838,0.9006674794,-0.3348915409],
				[0.5470279755,0.434252159,0.7156713327]
			],
			"t": [
				[-10.07866276],
				[165.3640349],
				[334.4659249]
			]
		},
		{
			"name": "03_13",
			"type": "vga",
			"resolution": [640,480],
			"panel": 3,
			"node": 13,
			"K": [
				[747.003,0,356.137],
				[0,747.083,222.136],
				[0,0,1]
			],
			"distCoef": [-0.320905,0.0319781,-0.000858861,-9.44211e-05,0.0764156],
			"R": [
				[0.7814691632,0.003601775765,-0.6239334694],
				[-0.2582177445,0.9121978676,-0.3181487807],
				[0.5680048798,0.4097341546,0.7137845467]
			],
			"t": [
				[-29.06474578],
				[157.4669336],
				[327.9777439]
			]
		},
		{
			"name": "03_14",
			"type": "vga",
			"resolution": [640,480],
			"panel": 3,
			"node": 14,
			"K": [
				[745.1,0,367.571],
				[0,745.346,234.153],
				[0,0,1]
			],
			"distCoef": [-0.325716,0.0571609,0.000521003,0.000314907,0.0816872],
			"R": [
				[0.7644899656,0.08754657177,-0.6386632057],
				[-0.3094798506,0.918938932,-0.2444861169],
				[0.5654885628,0.3845605766,0.7296134924]
			],
			"t": [
				[-29.6210815],
				[178.0166591],
				[322.541605]
			]
		},
		{
			"name": "03_15",
			"type": "vga",
			"resolution": [640,480],
			"panel": 3,
			"node": 15,
			"K": [
				[749.164,0,379.977],
				[0,749.087,236.111],
				[0,0,1]
			],
			"distCoef": [-0.349276,0.18698,0.000672269,0.000646318,-0.103463],
			"R": [
				[0.8428893574,0.09560645889,-0.5295251989],
				[-0.2687508751,0.9273546479,-0.2603580691],
				[0.4661657413,0.3617634061,0.8073516827]
			],
			"t": [
				[-8.09169049],
				[164.4513741],
				[323.0395053]
			]
		},
		{
			"name": "03_16",
			"type": "vga",
			"resolution": [640,480],
			"panel": 3,
			"node": 16,
			"K": [
				[746.072,0,371.13],
				[0,746.192,216.527],
				[0,0,1]
			],
			"distCoef": [-0.328454,0.0762229,-0.000933209,0.000222064,0.0314138],
			"R": [
				[0.7756504493,0.08096218556,-0.6259484843],
				[-0.2820449597,0.9316719603,-0.2289934478],
				[0.5646388414,0.3541644857,0.7454867509]
			],
			"t": [
				[-40.99008244],
				[150.4894107],
				[317.6628005]
			]
		},
		{
			"name": "03_17",
			"type": "vga",
			"resolution": [640,480],
			"panel": 3,
			"node": 17,
			"K": [
				[745.195,0,385.847],
				[0,745.078,243.887],
				[0,0,1]
			],
			"distCoef": [-0.315127,-0.00230241,-0.000761158,0.000105757,0.157591],
			"R": [
				[0.8000054148,0.1404270387,-0.5833280236],
				[-0.3095557904,0.9294393946,-0.2007924906],
				[0.5139713503,0.3412076472,0.7870265514]
			],
			"t": [
				[-28.30161856],
				[138.9759062],
				[319.2766377]
			]
		},
		{
			"name": "03_18",
			"type": "vga",
			"resolution": [640,480],
			"panel": 3,
			"node": 18,
			"K": [
				[748.435,0,389.935],
				[0,748.304,245.55],
				[0,0,1]
			],
			"distCoef": [-0.352976,0.195158,-0.000391826,-0.00027712,-0.116021],
			"R": [
				[0.7801256982,0.1436010726,-0.6089192286],
				[-0.3502081354,0.9067563431,-0.2348344016],
				[0.518418901,0.3964488192,0.7576741891]
			],
			"t": [
				[-39.09614574],
				[101.0464035],
				[325.3453534]
			]
		},
		{
			"name": "03_19",
			"type": "vga",
			"resolution": [640,480],
			"panel": 3,
			"node": 19,
			"K": [
				[744.901,0,380.657],
				[0,744.874,232.97],
				[0,0,1]
			],
			"distCoef": [-0.327296,0.0725702,0.000329377,0.000310845,0.0682055],
			"R": [
				[0.8096163819,0.09666176131,-0.5789454361],
				[-0.2717815219,0.9359754846,-0.2237961048],
				[0.5202462095,0.3385356644,0.784051966]
			],
			"t": [
				[-3.031353868],
				[125.7520403],
				[319.0245534]
			]
		},
		{
			"name": "03_20",
			"type": "vga",
			"resolution": [640,480],
			"panel": 3,
			"node": 20,
			"K": [
				[747.507,0,356.148],
				[0,747.396,215.216],
				[0,0,1]
			],
			"distCoef": [-0.340399,0.131512,5.44025e-05,-0.000767694,-0.0401162],
			"R": [
				[0.8687303112,0.003690789842,-0.4952716673],
				[-0.183369714,0.9313109118,-0.314699116],
				[0.4600904198,0.364206485,0.8097347973]
			],
			"t": [
				[22.92968987],
				[110.976339],
				[321.6084851]
			]
		},
		{
			"name": "03_21",
			"type": "vga",
			"resolution": [640,480],
			"panel": 3,
			"node": 21,
			"K": [
				[746.055,0,370.541],
				[0,746.286,251.154],
				[0,0,1]
			],
			"distCoef": [-0.316478,0.0046528,-0.000769949,-1.78275e-05,0.164914],
			"R": [
				[0.8518400515,-0.01542609856,-0.5235747913],
				[-0.1571920436,0.9459660138,-0.2836176339],
				[0.4996590718,0.3238986513,0.8033868779]
			],
			"t": [
				[24.45197221],
				[140.0715142],
				[315.9053186]
			]
		},
		{
			"name": "03_22",
			"type": "vga",
			"resolution": [640,480],
			"panel": 3,
			"node": 22,
			"K": [
				[751.941,0,363.03],
				[0,751.94,225.072],
				[0,0,1]
			],
			"distCoef": [-0.362203,0.221197,-0.000154266,-0.00157231,-0.168065],
			"R": [
				[0.8224560338,-0.0130618464,-0.5686786972],
				[-0.2616619283,0.8789966229,-0.3986200851],
				[0.5050733687,0.4766490587,0.7195182883]
			],
			"t": [
				[6.47575189],
				[105.0865548],
				[337.8541415]
			]
		},
		{
			"name": "03_23",
			"type": "vga",
			"resolution": [640,480],
			"panel": 3,
			"node": 23,
			"K": [
				[745.545,0,365.583],
				[0,745.432,236.046],
				[0,0,1]
			],
			"distCoef": [-0.332024,0.0879632,0.000693924,-0.000829903,0.0219284],
			"R": [
				[0.8234379439,0.02624416201,-0.5667990794],
				[-0.2576505124,0.9072994357,-0.3323009892],
				[0.5055355239,0.4196653165,0.7538666037]
			],
			"t": [
				[-3.115791475],
				[132.7707651],
				[330.2796909]
			]
		},
		{
			"name": "03_24",
			"type": "vga",
			"resolution": [640,480],
			"panel": 3,
			"node": 24,
			"K": [
				[747.305,0,372.378],
				[0,747.548,224.81],
				[0,0,1]
			],
			"distCoef": [-0.337337,0.12218,0.000143599,0.00110391,-0.0146259],
			"R": [
				[0.8562673405,0.02963498509,-0.5156820816],
				[-0.2226260854,0.922038791,-0.3166734817],
				[0.4660942691,0.3859614431,0.7961092241]
			],
			"t": [
				[-0.291376181],
				[128.5224562],
				[325.6593296]
			]
		},
		{
			"name": "04_01",
			"type": "vga",
			"resolution": [640,480],
			"panel": 4,
			"node": 1,
			"K": [
				[746.868,0,368.982],
				[0,746.955,246.269],
				[0,0,1]
			],
			"distCoef": [-0.336045,0.108009,-0.000498856,0.000802938,0.012192],
			"R": [
				[0.04379700635,-0.0607960329,-0.9971888811],
				[-0.08475446195,0.994322165,-0.06434371259],
				[0.9954388497,0.08733426907,0.03839559912]
			],
			"t": [
				[-60.13506848],
				[136.277221],
				[281.7057408]
			]
		},
		{
			"name": "04_02",
			"type": "vga",
			"resolution": [640,480],
			"panel": 4,
			"node": 2,
			"K": [
				[746.289,0,382.796],
				[0,746.161,224.378],
				[0,0,1]
			],
			"distCoef": [-0.330916,0.0859972,-0.000770475,-6.67657e-05,0.0295319],
			"R": [
				[0.1083967369,-0.0181679635,-0.9939416847],
				[-0.01001874543,0.9997622443,-0.01936697451],
				[0.9940572278,0.01205736555,0.1081889448]
			],
			"t": [
				[-54.22711813],
				[148.6775432],
				[274.1568569]
			]
		},
		{
			"name": "04_03",
			"type": "vga",
			"resolution": [640,480],
			"panel": 4,
			"node": 3,
			"K": [
				[743.517,0,378.188],
				[0,743.185,259.685],
				[0,0,1]
			],
			"distCoef": [-0.317341,-0.000790492,0.000284442,0.00117285,0.17224],
			"R": [
				[0.06902035516,0.04158676053,-0.9967480785],
				[-0.0862172969,0.9956411619,0.03557041432],
				[0.9938826733,0.08348184239,0.07230500469]
			],
			"t": [
				[-50.64431255],
				[111.2113023],
				[281.4334466]
			]
		},
		{
			"name": "04_04",
			"type": "vga",
			"resolution": [640,480],
			"panel": 4,
			"node": 4,
			"K": [
				[744.305,0,395.297],
				[0,744.232,224.274],
				[0,0,1]
			],
			"distCoef": [-0.313659,-0.0134693,-0.000817468,0.000269689,0.173132],
			"R": [
				[0.09135479093,0.05698766194,-0.9941864556],
				[-0.03796549641,0.9978346825,0.0537081704],
				[0.9950944293,0.03283828363,0.09332054367]
			],
			"t": [
				[-22.8000758],
				[117.6598045],
				[276.8198685]
			]
		},
		{
			"name": "04_05",
			"type": "vga",
			"resolution": [640,480],
			"panel": 4,
			"node": 5,
			"K": [
				[747.079,0,365.559],
				[0,747.346,259.497],
				[0,0,1]
			],
			"distCoef": [-0.340962,0.132036,0.00079934,0.00018988,-0.0165915],
			"R": [
				[0.1336569701,0.01126455991,-0.9909636341],
				[-0.04960705176,0.99875793,0.004662371197],
				[0.9897853074,0.04853562588,0.1340497604]
			],
			"t": [
				[-12.75538708],
				[90.67322276],
				[279.4665425]
			]
		},
		{
			"name": "04_06",
			"type": "vga",
			"resolution": [640,480],
			"panel": 4,
			"node": 6,
			"K": [
				[746.002,0,362.139],
				[0,746.224,225.278],
				[0,0,1]
			],
			"distCoef": [-0.318216,0.0212728,-0.000197223,0.00142337,0.130874],
			"R": [
				[0.09593686071,0.09492699181,-0.9908506371],
				[-0.08652717319,0.9924693533,0.08670427368],
				[0.9916194669,0.07741736885,0.1034281584]
			],
			"t": [
				[5.566326544],
				[75.61904862],
				[281.0443884]
			]
		},
		{
			"name": "04_07",
			"type": "vga",
			"resolution": [640,480],
			"panel": 4,
			"node": 7,
			"K": [
				[745.375,0,375.379],
				[0,745.323,218.543],
				[0,0,1]
			],
			"distCoef": [-0.31269,-0.00891979,-0.00104501,-0.000144555,0.16198],
			"R": [
				[0.08251262748,-0.05850143302,-0.9948714734],
				[-0.03772205306,0.9973768626,-0.06177734821],
				[0.9958758522,0.04262600583,0.08008939135]
			],
			"t": [
				[2.807318947],
				[99.47761232],
				[278.2001992]
			]
		},
		{
			"name": "04_08",
			"type": "vga",
			"resolution": [640,480],
			"panel": 4,
			"node": 8,
			"K": [
				[745.976,0,365.804],
				[0,745.738,236.812],
				[0,0,1]
			],
			"distCoef": [-0.328698,0.0657875,0.0003505,-0.000507398,0.0718823],
			"R": [
				[0.1048718996,-0.02046269737,-0.9942751946],
				[-0.04516399888,0.9986587415,-0.02531661867],
				[0.9934596609,0.04756044567,0.103807062]
			],
			"t": [
				[34.24684547],
				[92.70910665],
				[278.1517893]
			]
		},
		{
			"name": "04_09",
			"type": "vga",
			"resolution": [640,480],
			"panel": 4,
			"node": 9,
			"K": [
				[747.262,0,355.288],
				[0,747.102,217.679],
				[0,0,1]
			],
			"distCoef": [-0.350921,0.200929,-0.000801036,-0.000118484,-0.148877],
			"R": [
				[0.0919706371,0.01284886827,-0.9956788179],
				[-0.04290042624,0.9990394471,0.00892953286],
				[0.9948371502,0.04189379086,0.09243351637]
			],
			"t": [
				[50.40819377],
				[107.601066],
				[277.7882369]
			]
		},
		{
			"name": "04_10",
			"type": "vga",
			"resolution": [640,480],
			"panel": 4,
			"node": 10,
			"K": [
				[744.119,0,373.614],
				[0,744.16,209.914],
				[0,0,1]
			],
			"distCoef": [-0.320174,0.0223109,-0.00162732,7.3784e-07,0.121761],
			"R": [
				[0.07338299088,-0.02055646979,-0.9970919557],
				[-0.05466453842,0.9982016357,-0.02460249423],
				[0.9958045616,0.05631097613,0.0721273116]
			],
			"t": [
				[36.18295068],
				[126.1538548],
				[279.9775577]
			]
		},
		{
			"name": "04_11",
			"type": "vga",
			"resolution": [640,480],
			"panel": 4,
			"node": 11,
			"K": [
				[743.623,0,379.001],
				[0,743.559,231.388],
				[0,0,1]
			],
			"distCoef": [-0.318322,0.0247221,6.9149e-05,-0.000231273,0.111379],
			"R": [
